
### Resolution cutoff full angstrom

                     ----------Merging statistics----------                    

Resolution: 6.15 - 0.71
Observations: 4056
Unique reflections: 670
Multiplicity: 6.1
Completeness: 88.04%
Mean intensity: 195.7
Mean I/sigma(I): 32.7
R-merge: 0.039
R-meas:  0.042
R-pim:   0.015

Multiplicities (non-anomalous):
  1 : 58
  2 : 71
  3 : 52
  4 : 100
  5 : 70
  6 : 66
  7 : 44
  8 : 53
  9 : 36
  10 : 15
  11 : 31
  12 : 18
  13 : 22
  14 : 20
  15 : 5
  16 : 5
  17 : 2
  18 : 2

  Statistics by resolution bin:
 d_max  d_min   #obs  #uniq   mult.  %comp       <I>  <I/sI>    r_mrg   r_meas    r_pim   r_anom   cc1/2   cc_ano
  6.15   1.52    628     87    7.22 100.00     847.9    71.8    0.022    0.023    0.008    0.017   1.000  -0.236
  1.52   1.21    758     78    9.72 100.00     203.9    55.7    0.039    0.041    0.013    0.023   0.998  -0.464
  1.21   1.06    726     79    9.19 100.00     185.9    50.4    0.049    0.051    0.016    0.027   0.999  -0.037
  1.06   0.96    542     77    7.04 100.00      98.3    31.6    0.065    0.070    0.025    0.048   0.996   0.009
  0.96   0.89    453     78    5.81 100.00      64.3    21.0    0.082    0.090    0.036    0.076   0.995   0.109
  0.89   0.84    319     67    4.76 100.00      68.4    18.1    0.090    0.101    0.045    0.092   0.990   0.194
  0.84   0.80    327     79    4.14 100.00      58.5    13.5    0.095    0.109    0.051    0.121   0.995  -0.042
  0.80   0.76    193     61    3.16  95.31      43.8    10.0    0.106    0.125    0.063    0.141   0.988   0.080
  0.76   0.73     76     43    1.77  58.90      41.8     7.0    0.116    0.147    0.089    0.153   0.978  -0.761
  0.73   0.71     34     21    1.62  27.63      24.9     4.9    0.103    0.123    0.066    0.204   0.993  -0.745
  6.15   0.71   4056    670    6.05  88.04     195.7    32.7    0.039    0.042    0.015    0.041   1.000  -0.022

### Resolution cutoff 0.73 angstrom

                     ----------Merging statistics----------                    

Resolution: 6.15 - 0.73
Observations: 4029
Unique reflections: 653
Multiplicity: 6.2
Completeness: 94.36%
Mean intensity: 200.2
Mean I/sigma(I): 33.5
R-merge: 0.039
R-meas:  0.042
R-pim:   0.015

Multiplicities (non-anomalous):
  1 : 47
  2 : 67
  3 : 52
  4 : 98
  5 : 70
  6 : 66
  7 : 44
  8 : 53
  9 : 36
  10 : 15
  11 : 31
  12 : 18
  13 : 22
  14 : 20
  15 : 5
  16 : 5
  17 : 2
  18 : 2

  Statistics by resolution bin:
 d_max  d_min   #obs  #uniq   mult.  %comp       <I>  <I/sI>    r_mrg   r_meas    r_pim   r_anom   cc1/2   cc_ano
  6.15   1.57    583     82    7.11 100.00     880.6    71.5    0.021    0.023    0.008    0.017   1.000   0.024
  1.57   1.25    681     71    9.59 100.00     217.7    57.5    0.037    0.039    0.012    0.021   0.999  -0.002
  1.25   1.09    720     76    9.47 100.00     177.2    50.6    0.049    0.051    0.016    0.026   0.999  -0.225
  1.09   0.99    494     62    7.97 100.00     131.5    39.4    0.058    0.062    0.021    0.042   0.997  -0.107
  0.99   0.92    432     70    6.17 100.00      75.1    24.0    0.073    0.080    0.031    0.056   0.995  -0.195
  0.92   0.87    339     66    5.14 100.00      69.8    20.2    0.081    0.090    0.038    0.087   0.994   0.202
  0.87   0.82    292     63    4.63 100.00      58.4    15.3    0.104    0.118    0.054    0.104   0.990   0.208
  0.82   0.79    287     74    3.88 100.00      59.4    12.8    0.091    0.105    0.051    0.139   0.996  -0.002
  0.79   0.76    141     54    2.61  88.52      40.0     8.4    0.120    0.144    0.079    0.153   0.982  -0.475
  0.76   0.73     60     35    1.71  52.24      37.7     6.7    0.103    0.133    0.084    0.131   0.979  -0.620
  6.15   0.73   4029    653    6.17  94.36     200.2    33.5    0.039    0.042    0.015    0.041   1.000   0.029

### Resolution cutoff 0.75 angstrom

                     ----------Merging statistics----------                    

Resolution: 6.15 - 0.75
Observations: 3993
Unique reflections: 632
Multiplicity: 6.3
Completeness: 98.44%
Mean intensity: 205.7
Mean I/sigma(I): 34.4
R-merge: 0.039
R-meas:  0.042
R-pim:   0.015

Multiplicities (non-anomalous):
  1 : 36
  2 : 60
  3 : 51
  4 : 96
  5 : 70
  6 : 66
  7 : 44
  8 : 53
  9 : 36
  10 : 15
  11 : 31
  12 : 18
  13 : 22
  14 : 20
  15 : 5
  16 : 5
  17 : 2
  18 : 2

  Statistics by resolution bin:
 d_max  d_min   #obs  #uniq   mult.  %comp       <I>  <I/sI>    r_mrg   r_meas    r_pim   r_anom   cc1/2   cc_ano
  6.15   1.61    531     77    6.90 100.00     925.1    71.9    0.021    0.023    0.008    0.016   1.000  -0.185
  1.61   1.28    654     69    9.48 100.00     227.7    59.0    0.036    0.038    0.012    0.022   0.999  -0.084
  1.28   1.12    603     61    9.89 100.00     165.0    51.4    0.049    0.052    0.016    0.029   0.999  -0.254
  1.12   1.02    539     64    8.42 100.00     160.6    44.2    0.053    0.056    0.018    0.034   0.999  -0.028
  1.02   0.94    424     64    6.62 100.00      84.8    27.4    0.068    0.074    0.027    0.048   0.996   0.105
  0.94   0.89    362     65    5.57 100.00      66.6    20.7    0.082    0.091    0.038    0.078   0.993   0.199
  0.89   0.84    279     57    4.89 100.00      66.8    18.4    0.088    0.098    0.042    0.094   0.991   0.373
  0.84   0.81    290     68    4.26 100.00      66.8    14.6    0.094    0.107    0.051    0.101   0.996  -0.103
  0.81   0.78    199     58    3.43  98.31      43.4    10.9    0.107    0.124    0.061    0.145   0.982   0.345
  0.78   0.75    112     49    2.29  84.48      43.2     7.8    0.116    0.144    0.083    0.210   0.971   0.410
  6.15   0.75   3993    632    6.32  98.44     205.7    34.4    0.039    0.042    0.015    0.041   1.000  -0.010

### Resolution cutoff 0.77 angstrom

                     ----------Merging statistics----------                    

Resolution: 6.15 - 0.77
Observations: 3919
Unique reflections: 596
Multiplicity: 6.6
Completeness: 99.83%
Mean intensity: 215.7
Mean I/sigma(I): 36.0
R-merge: 0.038
R-meas:  0.041
R-pim:   0.015

Multiplicities (non-anomalous):
  1 : 20
  2 : 52
  3 : 44
  4 : 92
  5 : 69
  6 : 66
  7 : 44
  8 : 53
  9 : 36
  10 : 15
  11 : 31
  12 : 18
  13 : 22
  14 : 20
  15 : 5
  16 : 5
  17 : 2
  18 : 2

  Statistics by resolution bin:
 d_max  d_min   #obs  #uniq   mult.  %comp       <I>  <I/sI>    r_mrg   r_meas    r_pim   r_anom   cc1/2   cc_ano
  6.15   1.65    467     70    6.67 100.00     978.1    71.8    0.020    0.022    0.008    0.016   1.000   0.042
  1.65   1.31    606     66    9.18 100.00     240.5    58.6    0.036    0.038    0.012    0.022   0.999  -0.172
  1.31   1.15    585     56   10.45 100.00     162.5    54.4    0.045    0.048    0.014    0.027   0.999   0.056
  1.15   1.04    509     61    8.34 100.00     198.8    48.5    0.048    0.051    0.017    0.029   0.998  -0.069
  1.04   0.97    442     58    7.62 100.00     100.3    33.2    0.066    0.070    0.025    0.046   0.996   0.006
  0.97   0.91    360     61    5.90 100.00      61.8    21.4    0.084    0.092    0.036    0.069   0.992   0.148
  0.91   0.87    280     55    5.09 100.00      72.6    20.4    0.080    0.089    0.038    0.085   0.994   0.181
  0.87   0.83    245     54    4.54 100.00      55.5    14.6    0.104    0.119    0.055    0.104   0.990   0.037
  0.83   0.80    253     62    4.08 100.00      63.4    13.8    0.092    0.106    0.050    0.130   0.995  -0.222
  0.80   0.77    172     53    3.25  98.15      46.7    11.0    0.101    0.119    0.060    0.134   0.989   0.345
  6.15   0.77   3919    596    6.58  99.83     215.7    36.0    0.038    0.041    0.015    0.040   1.000  -0.131

### Resolution cutoff 0.8 angstrom

                     ----------Merging statistics----------                    

Resolution: 6.15 - 0.80
Observations: 3737
Unique reflections: 539
Multiplicity: 6.9
Completeness: 100.00%
Mean intensity: 233.7
Mean I/sigma(I): 38.7
R-merge: 0.038
R-meas:  0.041
R-pim:   0.015

Multiplicities (non-anomalous):
  1 : 9
  2 : 44
  3 : 28
  4 : 82
  5 : 63
  6 : 61
  7 : 43
  8 : 53
  9 : 36
  10 : 15
  11 : 31
  12 : 18
  13 : 22
  14 : 20
  15 : 5
  16 : 5
  17 : 2
  18 : 2

  Statistics by resolution bin:
 d_max  d_min   #obs  #uniq   mult.  %comp       <I>  <I/sI>    r_mrg   r_meas    r_pim   r_anom   cc1/2   cc_ano
  6.15   1.72    420     63    6.67 100.00    1000.6    72.9    0.020    0.022    0.008    0.015   1.000   0.264
  1.72   1.37    491     56    8.77 100.00     337.1    63.9    0.032    0.034    0.011    0.022   1.000  -0.257
  1.37   1.20    546     53   10.30 100.00     162.2    51.5    0.042    0.044    0.013    0.025   0.999  -0.043
  1.20   1.09    540     58    9.31 100.00     190.1    51.6    0.048    0.051    0.016    0.024   0.998  -0.470
  1.09   1.01    368     46    8.00 100.00     136.6    40.6    0.059    0.063    0.021    0.048   0.998   0.220
  1.01   0.95    372     56    6.64 100.00      85.2    27.4    0.067    0.073    0.027    0.048   0.997  -0.405
  0.95   0.90    285     49    5.82 100.00      61.8    20.4    0.084    0.093    0.038    0.081   0.993  -0.011
  0.90   0.86    248     51    4.86 100.00      77.3    20.7    0.080    0.089    0.039    0.082   0.994   0.460
  0.86   0.83    224     49    4.57 100.00      52.7    14.2    0.107    0.122    0.056    0.103   0.989   0.027
  0.83   0.80    243     58    4.19 100.00      65.4    14.2    0.093    0.106    0.050    0.130   0.995  -0.014
  6.15   0.80   3737    539    6.93 100.00     233.7    38.7    0.038    0.041    0.015    0.037   1.000   0.079

### Resolution cutoff 0.84 angstrom

                     ----------Merging statistics----------                    

Resolution: 6.15 - 0.84
Observations: 3421
Unique reflections: 465
Multiplicity: 7.4
Completeness: 100.00%
Mean intensity: 261.3
Mean I/sigma(I): 42.7
R-merge: 0.036
R-meas:  0.039
R-pim:   0.014

Multiplicities (non-anomalous):
  1 : 6
  2 : 34
  3 : 18
  4 : 63
  5 : 48
  6 : 53
  7 : 35
  8 : 52
  9 : 36
  10 : 15
  11 : 31
  12 : 18
  13 : 22
  14 : 20
  15 : 5
  16 : 5
  17 : 2
  18 : 2

  Statistics by resolution bin:
 d_max  d_min   #obs  #uniq   mult.  %comp       <I>  <I/sI>    r_mrg   r_meas    r_pim   r_anom   cc1/2   cc_ano
  6.15   1.80    380     58    6.55 100.00    1068.8    73.9    0.020    0.021    0.008    0.015   1.000  -0.158
  1.80   1.43    429     49    8.76 100.00     348.1    64.6    0.031    0.033    0.011    0.022   0.999   0.193
  1.43   1.25    455     46    9.89 100.00     187.3    54.3    0.039    0.041    0.013    0.021   0.999  -0.236
  1.25   1.14    434     43   10.09 100.00     148.5    50.2    0.050    0.053    0.016    0.033   0.999   0.022
  1.14   1.06    403     47    8.57 100.00     210.7    50.6    0.048    0.051    0.017    0.024   0.998  -0.320
  1.06   1.00    332     42    7.90 100.00     111.8    37.7    0.063    0.068    0.023    0.048   0.998   0.245
  1.00   0.95    318     50    6.36 100.00      81.1    25.1    0.066    0.072    0.027    0.051   0.998   0.036
  0.95   0.91    256     44    5.82 100.00      62.7    21.1    0.085    0.093    0.038    0.080   0.994   0.010
  0.91   0.87    213     42    5.07 100.00      77.8    21.1    0.076    0.085    0.037    0.083   0.994   0.216
  0.87   0.84    201     44    4.57 100.00      62.8    16.0    0.099    0.113    0.051    0.093   0.992  -0.144
  6.15   0.84   3421    465    7.36 100.00     261.3    42.7    0.036    0.039    0.014    0.032   1.000  -0.031
